name: tacotron-pml
channels:
  - conda-forge
  - defaults
dependencies:
  - audioread=2.1.5=py36_0
  - bzip2=1.0.6=h470a237_2
  - cycler=0.10.0=py_1
  - decorator=4.3.0=py_0
  - expat=2.2.5=hfc679d8_2
  - ffmpeg=2.8.6=hf82bc7d_7
  - fontconfig=2.13.1=h65d0f4c_0
  - freetype=2.9.1=h6debe1e_4
  - gettext=0.19.8.1=h5e8e0c9_1
  - glib=2.56.2=h464dc38_1
  - icu=58.2=hfc679d8_0
  - joblib=0.13.0=py_0
  - jpeg=9c=h470a237_1
  - kiwisolver=1.0.1=py36h2d50403_2
  - libiconv=1.15=h470a237_3
  - libpng=1.6.36=ha92aebf_0
  - librosa=0.6.2=py_0
  - libuuid=2.32.1=h470a237_2
  - libxcb=1.13=h470a237_2
  - libxml2=2.9.8=h422b904_5
  - llvmlite=0.26.0=py36hd28b015_0
  - matplotlib=3.0.2=py36h8a2030e_1
  - matplotlib-base=3.0.2=py36h20b835b_1
  - numba=0.41.0=py36hf8a1672_0
  - pthread-stubs=0.4=h470a237_1
  - pyparsing=2.3.0=py_0
  - pyqt=5.6.0=py36h8210e8a_8
  - python-dateutil=2.7.5=py_0
  - resampy=0.2.1=py_1
  - sip=4.18.1=py36hfc679d8_0
  - tornado=5.1.1=py36h470a237_0
  - x264=1!152.20180717=h470a237_1
  - xorg-libxau=1.0.8=h470a237_6
  - xorg-libxdmcp=1.1.2=h470a237_7
  - _tflow_select=2.1.0=gpu
  - absl-py=0.6.1=py36_0
  - astor=0.7.1=py36_0
  - blas=1.0=mkl
  - c-ares=1.15.0=h7b6447c_1
  - ca-certificates=2018.12.5=0
  - certifi=2018.11.29=py36_0
  - cudatoolkit=9.0=h13b8566_0
  - cudnn=7.1.2=cuda9.0_0
  - cupti=9.0.176=0
  - cython=0.29.2=py36he6710b0_0
  - dbus=1.13.2=h714fa37_1
  - gast=0.2.0=py36_0
  - grpcio=1.16.1=py36hf8bcb03_1
  - gst-plugins-base=1.14.0=hbbd80ab_1
  - gstreamer=1.14.0=hb453b48_1
  - h5py=2.9.0=py36h7918eee_0
  - hdf5=1.10.4=hb1b8bf9_0
  - intel-openmp=2019.1=144
  - keras-applications=1.0.6=py36_0
  - keras-preprocessing=1.0.5=py36_0
  - libedit=3.1.20170329=h6b74fdf_2
  - libffi=3.2.1=hd88cf55_4
  - libgcc-ng=8.2.0=hdf63c60_1
  - libgfortran-ng=7.3.0=hdf63c60_0
  - libprotobuf=3.6.1=hd408876_0
  - libstdcxx-ng=8.2.0=hdf63c60_1
  - markdown=3.0.1=py36_0
  - mkl=2019.1=144
  - mkl_fft=1.0.6=py36hd81dba3_0
  - mkl_random=1.0.2=py36hd81dba3_0
  - ncurses=6.1=he6710b0_1
  - numpy=1.15.4=py36h7e9f1db_0
  - numpy-base=1.15.4=py36hde5b4d6_0
  - openssl=1.1.1a=h7b6447c_0
  - pcre=8.42=h439df22_0
  - pip=18.1=py36_0
  - protobuf=3.6.1=py36he6710b0_0
  - python=3.6.7=h0371630_0
  - qt=5.6.3=h8bf5577_3
  - readline=7.0=h7b6447c_5
  - scikit-learn=0.20.1=py36hd81dba3_0
  - scipy=1.1.0=py36h7c811a0_2
  - setuptools=40.6.3=py36_0
  - six=1.12.0=py36_0
  - sqlite=3.26.0=h7b6447c_0
  - tensorboard=1.12.1=py36he6710b0_0
  - tensorflow=1.12.0=gpu_py36he68c306_0
  - tensorflow-base=1.12.0=gpu_py36h8e0ae2d_0
  - tensorflow-gpu=1.12.0=h0d30ee6_0
  - termcolor=1.1.0=py36_1
  - tk=8.6.8=hbc83047_0
  - werkzeug=0.14.1=py36_0
  - wheel=0.32.3=py36_0
  - xz=5.2.4=h14c3975_4
  - zlib=1.2.11=h7b6447c_3
  - pip:
    - bleach==1.5.0
    - enum34==1.1.6
    - falcon==1.2.0
    - html5lib==0.9999999
    - inflect==0.2.5
    - python-mimeparse==1.6.0
    - pytz==2018.7
    - tensorflow-tensorboard==0.4.0
    - tqdm==4.11.2
    - unidecode==0.4.20

